0 -10 0
0 1 0
-20 -20 -2
30
0.7360660301104469 33.08519485285427 -0.5266542127987822 0.13798523268314683
-0.1413772749549983 21.663731854036808 0.20034009778788686 0.3534726541237264
0.8379740109270164 23.300962648312957 0.6003083034889856 0.10114689044858849
-0.21466982585325423 16.907495210862848 -0.5792031939685091 0.37319092579685387
-0.09074704824816471 18.46311527548504 -0.9451338492193155 0.39376960394192373
0.17546056358677897 12.903546824044447 -0.6342963579359032 0.342915954631765
1.0066216590865378 31.306851941427748 0.26175880739769974 0.3973540454714499
0.04580646242293196 25.236022441918486 0.3426992654670744 0.1784392360831985
-0.2841140978550587 50.01274415252259 -0.19664059453240745 0.1036976174172432
0.4673556639604681 32.805782145773094 0.5624525760706534 0.3542311143948357
-0.3777118633934836 14.111556567389764 -0.12166109905882105 0.1408409294307933
-0.616157802426196 4.1522709585532045 -0.6929812744353148 0.2862056474963676
0.02518775902029713 13.013778765383766 -0.5713041613234785 0.3238374359599192
0.3832205661662462 24.62276274664782 -0.9563737079040955 0.39699709280549234
-0.47061626245765753 45.164112158484116 0.8586613895379447 0.3952424023123945
-0.7577870072131447 20.68981489210941 -0.7870323769896148 0.15419827277501333
-0.33898913659405283 7.370158774116183 0.7228894582164729 0.31366128840192276
-0.3271817701309231 55.16589065050013 -0.5727593015009935 0.11854760770980026
0.8149777550951407 6.7678487775681955 -1.0436666346792294 0.2267846305191547
0.15855289030061992 31.716687807826002 -0.750550156339074 0.21006911678095516
-0.15705589058888825 53.029100614227886 0.6994205108023821 0.3963359991243447
0.6480089526470212 14.513014036716312 -0.605790628438733 0.39674382965797994
-0.39011073244696604 29.65872465226793 1.0708814066753418 0.3675997023383909
-0.42277618977678166 20.721595886119896 -0.2174404093809279 0.2804723077325091
0.7937280766968613 24.848110054443488 0.36071419565025065 0.3246645422029902
0.1455604263510466 31.084816584147 0.1298853484595739 0.1633757167282737
-0.6801637981529793 29.38071758050601 1.0239945638925536 0.11190545311612894
0.1984005960577131 18.178424223169287 0.4505592377822063 0.20222023652396204
0.18938635581558394 29.49373076327277 -0.06928677154869556 0.1854367374415574
0.6632297688637292 38.54335323309938 -0.6172660921970122 0.12446554222212035
1
-1 0 0 2
